{
  "asset": {
    "generator": "glTF Exporter addin for Revit",
    "version": "2.0"
  },
  "scene": 0,
  "scenes": [
    {
      "name": "{3D}",
      "nodes": [
        0
      ]
    }
  ],
  "nodes": [
    {
      "name": "High Sierra 36 Template",
      "rotation": [
        0.707106769,
        0.0,
        0.0,
        -0.707106769
      ],
      "scale": [
        0.3048,
        0.3048,
        0.3048
      ],
      "children": [
        1,
        14,
        80,
        97,
        99,
        106,
        109,
        133,
        139,
        228,
        381,
        383,
        574
      ]
    },
    {
      "name": "Structural Columns",
      "children": [
        2,
        3,
        4,
        5,
        6,
        7,
        8,
        9,
        10,
        11,
        12,
        13,
        113,
        114,
        115,
        116,
        117,
        118,
        119,
        120,
        121,
        122,
        123,
        124,
        232,
        233,
        234,
        235,
        236,
        237,
        307,
        308,
        309,
        310,
        311,
        312,
        313,
        314,
        315,
        316,
        451,
        452,
        579,
        580,
        581,
        582,
        583,
        584,
        585,
        586,
        587,
        588,
        592,
        593,
        594,
        595,
        596,
        597,
        599,
        600
      ]
    },
    {
      "name": "329588",
      "mesh": 0,
      "translation": [
        -3.910415,
        23.9336548,
        0.0
      ]
    },
    {
      "name": "329873",
      "mesh": 1,
      "translation": [
        8.089585,
        23.9336548,
        0.0
      ]
    },
    {
      "name": "330236",
      "mesh": 0,
      "translation": [
        19.8604183,
        24.0169888,
        0.0
      ]
    },
    {
      "name": "330535",
      "mesh": 0,
      "translation": [
        -3.910415,
        -11.4413462,
        0.0
      ]
    },
    {
      "name": "330844",
      "mesh": 0,
      "translation": [
        8.089585,
        -11.4413462,
        0.0
      ]
    },
    {
      "name": "331025",
      "mesh": 0,
      "translation": [
        19.8604183,
        -11.5246792,
        0.0
      ]
    },
    {
      "name": "331337",
      "mesh": 0,
      "translation": [
        -3.910415,
        -0.066346,
        0.0
      ]
    },
    {
      "name": "331575",
      "mesh": 0,
      "translation": [
        8.089585,
        -0.066346,
        0.0
      ]
    },
    {
      "name": "331750",
      "mesh": 0,
      "translation": [
        19.8588753,
        -0.066346,
        0.0
      ]
    },
    {
      "name": "331999",
      "mesh": 2,
      "translation": [
        19.8588753,
        12.5586538,
        0.0
      ]
    },
    {
      "name": "332233",
      "mesh": 3,
      "translation": [
        8.089585,
        12.5586538,
        0.0
      ]
    },
    {
      "name": "332420",
      "mesh": 0,
      "translation": [
        -3.910415,
        12.5586538,
        0.0
      ]
    },
    {
      "name": "Structural Framing",
      "children": [
        15,
        16,
        17,
        18,
        19,
        20,
        21,
        22,
        23,
        24,
        25,
        26,
        27,
        28,
        29,
        30,
        31,
        32,
        33,
        34,
        35,
        36,
        37,
        38,
        39,
        40,
        41,
        42,
        43,
        44,
        45,
        46,
        47,
        48,
        49,
        50,
        51,
        52,
        53,
        54,
        55,
        56,
        57,
        58,
        59,
        60,
        61,
        62,
        63,
        64,
        65,
        66,
        67,
        68,
        69,
        70,
        71,
        72,
        73,
        74,
        75,
        76,
        77,
        78,
        79,
        84,
        85,
        86,
        87,
        88,
        89,
        90,
        91,
        92,
        93,
        94,
        95,
        96,
        125,
        126,
        127,
        128,
        129,
        130,
        131,
        132,
        135,
        136,
        137,
        138,
        152,
        155,
        176,
        177,
        178,
        179,
        180,
        181,
        182,
        183,
        230,
        231,
        238,
        239,
        240,
        241,
        242,
        243,
        244,
        245,
        246,
        247,
        248,
        249,
        250,
        251,
        252,
        253,
        254,
        255,
        256,
        297,
        298,
        299,
        300,
        301,
        302,
        303,
        304,
        305,
        306,
        317,
        318,
        319,
        320,
        321,
        322,
        325,
        326,
        327,
        328,
        329,
        330,
        331,
        332,
        333,
        334,
        335,
        336,
        337,
        338,
        339,
        340,
        341,
        342,
        343,
        344,
        345,
        352,
        353,
        354,
        355,
        356,
        357,
        358,
        359,
        360,
        361,
        364,
        365,
        370,
        371,
        372,
        385,
        386,
        387,
        388,
        389,
        390,
        391,
        392,
        393,
        394,
        403,
        404,
        405,
        406,
        407,
        408,
        409,
        410,
        411,
        412,
        413,
        414,
        415,
        416,
        417,
        418,
        419,
        420,
        421,
        422,
        423,
        424,
        425,
        426,
        427,
        428,
        429,
        430,
        431,
        432,
        433,
        434,
        435,
        436,
        437,
        438,
        439,
        440,
        441,
        442,
        443,
        444,
        445,
        446,
        453,
        454,
        455,
        456,
        457,
        458,
        459,
        460,
        461,
        466,
        467,
        468,
        469,
        470,
        471,
        472,
        473,
        474,
        475,
        476,
        477,
        478,
        559,
        560,
        561,
        562,
        563,
        602,
        603,
        604,
        605,
        606,
        607,
        608,
        609,
        610,
        611,
        612,
        613,
        614,
        615,
        616,
        617,
        618,
        619,
        620,
        621,
        622,
        623,
        624,
        625,
        626,
        627,
        628,
        629,
        630,
        631,
        632,
        633,
        634,
        635,
        636,
        637,
        638,
        639,
        640,
        641,
        642,
        643,
        644,
        645,
        646,
        647,
        648,
        649,
        650,
        651,
        652,
        653
      ]
    },
    {
      "name": "336028",
      "mesh": 4,
      "matrix": [
        -1.0,
        0.0,
        0.0,
        0.0,
        0.0,
        -1.0,
        0.0,
        0.0,
        0.0,
        0.0,
        1.0,
        0.0,
        13.97423,
        24.1838818,
        12.864583,
        1.0
      ]
    },
    {
      "name": "336031",
      "mesh": 5,
      "matrix": [
        -1.0,
        0.0,
        0.0,
        0.0,
        0.0,
        -1.0,
        0.0,
        0.0,
        0.0,
        0.0,
        1.0,
        0.0,
        1.974597,
        24.1838818,
        12.864583,
        1.0
      ]
    },
    {
      "name": "336467",
      "mesh": 6,
      "matrix": [
        0.0,
        0.923133,
        0.384481,
        0.0,
        -1.0,
        0.0,
        0.0,
        0.0,
        0.0,
        -0.384481,
        0.923133,
        0.0,
        19.5567913,
        -2.563438,
        15.79177,
        1.0
      ]
    },
    {
      "name": "336525",
      "mesh": 7,
      "matrix": [
        0.0,
        -0.923128,
        0.384493,
        0.0,
        1.0,
        0.0,
        0.0,
        0.0,
        0.0,
        0.384493,
        0.923128,
        0.0,
        19.5567913,
        15.05608,
        15.7917719,
        1.0
      ]
    },
    {
      "name": "336639",
      "mesh": 8,
      "matrix": [
        0.0,
        0.923133,
        0.384481,
        0.0,
        -1.0,
        0.0,
        0.0,
        0.0,
        0.0,
        -0.384481,
        0.923133,
        0.0,
        -15.3784761,
        -2.563438,
        15.79177,
        1.0
      ]
    },
    {
      "name": "336641",
      "mesh": 9,
      "matrix": [
        0.0,
        -0.923128,
        0.384493,
        0.0,
        1.0,
        0.0,
        0.0,
        0.0,
        0.0,
        0.384493,
        0.923128,
        0.0,
        -15.3784761,
        15.05608,
        15.7917719,
        1.0
      ]
    },
    {
      "name": "336696",
      "mesh": 10,
      "matrix": [
        0.0,
        0.923133,
        0.384481,
        0.0,
        -1.0,
        0.0,
        0.0,
        0.0,
        0.0,
        -0.384481,
        0.923133,
        0.0,
        8.390859,
        -2.563438,
        15.79177,
        1.0
      ]
    },
    {
      "name": "336698",
      "mesh": 11,
      "matrix": [
        0.0,
        -0.923128,
        0.384493,
        0.0,
        1.0,
        0.0,
        0.0,
        0.0,
        0.0,
        0.384493,
        0.923128,
        0.0,
        8.390859,
        15.05608,
        15.7917719,
        1.0
      ]
    },
    {
      "name": "336747",
      "mesh": 12,
      "matrix": [
        0.0,
        0.923133,
        0.384481,
        0.0,
        -1.0,
        0.0,
        0.0,
        0.0,
        0.0,
        -0.384481,
        0.923133,
        0.0,
        7.786693,
        -2.563438,
        15.79177,
        1.0
      ]
    },
    {
      "name": "336749",
      "mesh": 13,
      "matrix": [
        0.0,
        -0.923128,
        0.384493,
        0.0,
        1.0,
        0.0,
        0.0,
        0.0,
        0.0,
        0.384493,
        0.923128,
        0.0,
        7.786693,
        15.05608,
        15.7917719,
        1.0
      ]
    },
    {
      "name": "336844",
      "mesh": 14,
      "matrix": [
        -1.0,
        0.0,
        0.0,
        0.0,
        0.0,
        -1.0,
        0.0,
        0.0,
        0.0,
        0.0,
        1.0,
        0.0,
        13.97423,
        -11.6915731,
        12.864583,
        1.0
      ]
    },
    {
      "name": "336846",
      "mesh": 15,
      "matrix": [
        -1.0,
        0.0,
        0.0,
        0.0,
        0.0,
        -1.0,
        0.0,
        0.0,
        0.0,
        0.0,
        1.0,
        0.0,
        2.089181,
        -11.6915731,
        12.864583,
        1.0
      ]
    },
    {
      "name": "339067",
      "mesh": 16,
      "matrix": [
        -1.0,
        0.0,
        0.0,
        0.0,
        0.0,
        -0.923053,
        -0.384673,
        0.0,
        0.0,
        -0.384673,
        0.923053,
        0.0,
        2.130463,
        4.843189,
        19.7435131,
        1.0
      ]
    },
    {
      "name": "339145",
      "mesh": 17,
      "matrix": [
        1.0,
        0.0,
        0.0,
        0.0,
        0.0,
        0.923052,
        -0.384674,
        0.0,
        0.0,
        0.384674,
        0.923052,
        0.0,
        2.132453,
        7.635923,
        19.74898,
        1.0
      ]
    },
    {
      "name": "339304",
      "mesh": 18,
      "matrix": [
        0.0,
        -0.390731,
        0.920505,
        0.0,
        1.0,
        0.0,
        0.0,
        0.0,
        0.0,
        0.920505,
        0.390731,
        0.0,
        19.4213753,
        -8.030128,
        13.8553791,
        1.0
      ]
    },
    {
      "name": "339358",
      "mesh": 18,
      "matrix": [
        0.0,
        -0.390731,
        0.920505,
        0.0,
        1.0,
        0.0,
        0.0,
        0.0,
        0.0,
        0.920505,
        0.390731,
        0.0,
        19.4213753,
        -6.190823,
        14.6263428,
        1.0
      ]
    },
    {
      "name": "339360",
      "mesh": 18,
      "matrix": [
        0.0,
        -0.390731,
        0.920505,
        0.0,
        1.0,
        0.0,
        0.0,
        0.0,
        0.0,
        0.920505,
        0.390731,
        0.0,
        19.4213753,
        -4.340445,
        15.3953152,
        1.0
      ]
    },
    {
      "name": "339377",
      "mesh": 18,
      "matrix": [
        0.0,
        -0.390731,
        0.920505,
        0.0,
        1.0,
        0.0,
        0.0,
        0.0,
        0.0,
        0.920505,
        0.390731,
        0.0,
        19.4213753,
        -2.498415,
        16.16384,
        1.0
      ]
    },
    {
      "name": "339379",
      "mesh": 18,
      "matrix": [
        0.0,
        -0.390731,
        0.920505,
        0.0,
        1.0,
        0.0,
        0.0,
        0.0,
        0.0,
        0.920505,
        0.390731,
        0.0,
        19.4213753,
        -0.648037,
        16.9328117,
        1.0
      ]
    },
    {
      "name": "339398",
      "mesh": 18,
      "matrix": [
        0.0,
        -0.390731,
        0.920505,
        0.0,
        1.0,
        0.0,
        0.0,
        0.0,
        0.0,
        0.920505,
        0.390731,
        0.0,
        19.4213753,
        1.193639,
        17.7028351,
        1.0
      ]
    },
    {
      "name": "339400",
      "mesh": 18,
      "matrix": [
        0.0,
        -0.390731,
        0.920505,
        0.0,
        1.0,
        0.0,
        0.0,
        0.0,
        0.0,
        0.920505,
        0.390731,
        0.0,
        19.4213753,
        3.044017,
        18.4718075,
        1.0
      ]
    },
    {
      "name": "339427",
      "mesh": 18,
      "matrix": [
        0.0,
        -0.390731,
        0.920505,
        0.0,
        1.0,
        0.0,
        0.0,
        0.0,
        0.0,
        0.920505,
        0.390731,
        0.0,
        19.4213753,
        4.793637,
        19.2001,
        1.0
      ]
    },
    {
      "name": "339548",
      "mesh": 18,
      "matrix": [
        0.0,
        -0.390731,
        0.920505,
        0.0,
        1.0,
        0.0,
        0.0,
        0.0,
        0.0,
        0.920505,
        0.390731,
        0.0,
        -15.2638931,
        -8.031074,
        13.85523,
        1.0
      ]
    },
    {
      "name": "339550",
      "mesh": 18,
      "matrix": [
        0.0,
        -0.390731,
        0.920505,
        0.0,
        1.0,
        0.0,
        0.0,
        0.0,
        0.0,
        0.920505,
        0.390731,
        0.0,
        -15.24306,
        -6.191769,
        14.626194,
        1.0
      ]
    },
    {
      "name": "339552",
      "mesh": 18,
      "matrix": [
        0.0,
        -0.390731,
        0.920505,
        0.0,
        1.0,
        0.0,
        0.0,
        0.0,
        0.0,
        0.920505,
        0.390731,
        0.0,
        -15.24306,
        -4.341391,
        15.3951654,
        1.0
      ]
    },
    {
      "name": "339554",
      "mesh": 18,
      "matrix": [
        0.0,
        -0.390731,
        0.920505,
        0.0,
        1.0,
        0.0,
        0.0,
        0.0,
        0.0,
        0.920505,
        0.390731,
        0.0,
        -15.24306,
        -2.499361,
        16.16369,
        1.0
      ]
    },
    {
      "name": "339556",
      "mesh": 18,
      "matrix": [
        0.0,
        -0.390731,
        0.920505,
        0.0,
        1.0,
        0.0,
        0.0,
        0.0,
        0.0,
        0.920505,
        0.390731,
        0.0,
        -15.24306,
        -0.648983,
        16.9326611,
        1.0
      ]
    },
    {
      "name": "339558",
      "mesh": 18,
      "matrix": [
        0.0,
        -0.390731,
        0.920505,
        0.0,
        1.0,
        0.0,
        0.0,
        0.0,
        0.0,
        0.920505,
        0.390731,
        0.0,
        -15.24306,
        1.192693,
        17.7026863,
        1.0
      ]
    },
    {
      "name": "339560",
      "mesh": 18,
      "matrix": [
        0.0,
        -0.390731,
        0.920505,
        0.0,
        1.0,
        0.0,
        0.0,
        0.0,
        0.0,
        0.920505,
        0.390731,
        0.0,
        -15.24306,
        3.043071,
        18.4716587,
        1.0
      ]
    },
    {
      "name": "339562",
      "mesh": 18,
      "matrix": [
        0.0,
        -0.390731,
        0.920505,
        0.0,
        1.0,
        0.0,
        0.0,
        0.0,
        0.0,
        0.920505,
        0.390731,
        0.0,
        -15.24306,
        4.890649,
        19.23889,
        1.0
      ]
    },
    {
      "name": "339620",
      "mesh": 19,
      "matrix": [
        0.0,
        0.390731,
        -0.920505,
        0.0,
        0.0,
        -0.920505,
        -0.390731,
        0.0,
        -1.0,
        0.0,
        0.0,
        0.0,
        8.087119,
        4.930498,
        19.2436714,
        1.0
      ]
    },
    {
      "name": "339751",
      "mesh": 19,
      "matrix": [
        0.0,
        0.390731,
        -0.920505,
        0.0,
        0.0,
        -0.920505,
        -0.390731,
        0.0,
        -1.0,
        0.0,
        0.0,
        0.0,
        8.087119,
        1.366079,
        17.7040043,
        1.0
      ]
    },
    {
      "name": "339753",
      "mesh": 20,
      "matrix": [
        0.0,
        0.390731,
        -0.920505,
        0.0,
        0.0,
        -0.920505,
        -0.390731,
        0.0,
        -1.0,
        0.0,
        0.0,
        0.0,
        8.087119,
        -0.604727,
        16.9377289,
        1.0
      ]
    },
    {
      "name": "339770",
      "mesh": 19,
      "matrix": [
        0.0,
        0.390731,
        -0.920505,
        0.0,
        0.0,
        -0.920505,
        -0.390731,
        0.0,
        -1.0,
        0.0,
        0.0,
        0.0,
        8.087119,
        -2.455893,
        16.1657257,
        1.0
      ]
    },
    {
      "name": "339772",
      "mesh": 19,
      "matrix": [
        0.0,
        0.390731,
        -0.920505,
        0.0,
        0.0,
        -0.920505,
        -0.390731,
        0.0,
        -1.0,
        0.0,
        0.0,
        0.0,
        8.087119,
        -4.301699,
        15.39945,
        1.0
      ]
    },
    {
      "name": "339774",
      "mesh": 19,
      "matrix": [
        0.0,
        0.390731,
        -0.920505,
        0.0,
        0.0,
        -0.920505,
        -0.390731,
        0.0,
        -1.0,
        0.0,
        0.0,
        0.0,
        8.087119,
        -6.145313,
        14.6260567,
        1.0
      ]
    },
    {
      "name": "339776",
      "mesh": 19,
      "matrix": [
        0.0,
        0.390731,
        -0.920505,
        0.0,
        0.0,
        -0.920505,
        -0.390731,
        0.0,
        -1.0,
        0.0,
        0.0,
        0.0,
        8.087119,
        -7.991119,
        13.8597822,
        1.0
      ]
    },
    {
      "name": "339809",
      "mesh": 19,
      "matrix": [
        0.0,
        0.390731,
        -0.920505,
        0.0,
        0.0,
        -0.920505,
        -0.390731,
        0.0,
        -1.0,
        0.0,
        0.0,
        0.0,
        8.087119,
        -9.837823,
        13.091959,
        1.0
      ]
    },
    {
      "name": "339864",
      "mesh": 19,
      "matrix": [
        0.0,
        -0.390731,
        -0.920505,
        0.0,
        0.0,
        0.920505,
        -0.390731,
        0.0,
        1.0,
        0.0,
        0.0,
        0.0,
        8.088312,
        7.567279,
        19.2436714,
        1.0
      ]
    },
    {
      "name": "339866",
      "mesh": 21,
      "matrix": [
        0.0,
        -0.390731,
        -0.920505,
        0.0,
        0.0,
        0.920505,
        -0.390731,
        0.0,
        1.0,
        0.0,
        0.0,
        0.0,
        8.067479,
        9.829751,
        18.4773979,
        1.0
      ]
    },
    {
      "name": "339868",
      "mesh": 19,
      "matrix": [
        0.0,
        -0.390731,
        -0.920505,
        0.0,
        0.0,
        0.920505,
        -0.390731,
        0.0,
        1.0,
        0.0,
        0.0,
        0.0,
        8.088312,
        11.0900307,
        17.7040043,
        1.0
      ]
    },
    {
      "name": "339870",
      "mesh": 22,
      "matrix": [
        0.0,
        -0.390731,
        -0.920505,
        0.0,
        0.0,
        0.920505,
        -0.390731,
        0.0,
        1.0,
        0.0,
        0.0,
        0.0,
        8.088312,
        13.1025038,
        16.9377289,
        1.0
      ]
    },
    {
      "name": "339872",
      "mesh": 19,
      "matrix": [
        0.0,
        -0.390731,
        -0.920505,
        0.0,
        0.0,
        0.920505,
        -0.390731,
        0.0,
        1.0,
        0.0,
        0.0,
        0.0,
        8.088312,
        14.9536715,
        16.1657257,
        1.0
      ]
    },
    {
      "name": "339874",
      "mesh": 19,
      "matrix": [
        0.0,
        -0.390731,
        -0.920505,
        0.0,
        0.0,
        0.920505,
        -0.390731,
        0.0,
        1.0,
        0.0,
        0.0,
        0.0,
        8.088312,
        16.7994766,
        15.39945,
        1.0
      ]
    },
    {
      "name": "339876",
      "mesh": 19,
      "matrix": [
        0.0,
        -0.390731,
        -0.920505,
        0.0,
        0.0,
        0.920505,
        -0.390731,
        0.0,
        1.0,
        0.0,
        0.0,
        0.0,
        8.088312,
        18.64309,
        14.6260567,
        1.0
      ]
    },
    {
      "name": "339878",
      "mesh": 19,
      "matrix": [
        0.0,
        -0.390731,
        -0.920505,
        0.0,
        0.0,
        0.920505,
        -0.390731,
        0.0,
        1.0,
        0.0,
        0.0,
        0.0,
        8.088312,
        20.4888954,
        13.8597822,
        1.0
      ]
    },
    {
      "name": "339880",
      "mesh": 19,
      "matrix": [
        0.0,
        -0.390731,
        -0.920505,
        0.0,
        0.0,
        0.920505,
        -0.390731,
        0.0,
        1.0,
        0.0,
        0.0,
        0.0,
        8.088312,
        22.3356,
        13.091959,
        1.0
      ]
    },
    {
      "name": "339971",
      "mesh": 18,
      "matrix": [
        0.0,
        0.390731,
        0.920505,
        0.0,
        -1.0,
        0.0,
        0.0,
        0.0,
        0.0,
        -0.920505,
        0.390731,
        0.0,
        -15.24306,
        20.52624,
        13.8451509,
        1.0
      ]
    },
    {
      "name": "339973",
      "mesh": 18,
      "matrix": [
        0.0,
        0.390731,
        0.920505,
        0.0,
        -1.0,
        0.0,
        0.0,
        0.0,
        0.0,
        -0.920505,
        0.390731,
        0.0,
        -15.24306,
        18.6869354,
        14.6161146,
        1.0
      ]
    },
    {
      "name": "339975",
      "mesh": 18,
      "matrix": [
        0.0,
        0.390731,
        0.920505,
        0.0,
        -1.0,
        0.0,
        0.0,
        0.0,
        0.0,
        -0.920505,
        0.390731,
        0.0,
        -15.24306,
        16.8365574,
        15.3850861,
        1.0
      ]
    },
    {
      "name": "339977",
      "mesh": 18,
      "matrix": [
        0.0,
        0.390731,
        0.920505,
        0.0,
        -1.0,
        0.0,
        0.0,
        0.0,
        0.0,
        -0.920505,
        0.390731,
        0.0,
        -15.24306,
        14.9945269,
        16.1536121,
        1.0
      ]
    },
    {
      "name": "339979",
      "mesh": 18,
      "matrix": [
        0.0,
        0.390731,
        0.920505,
        0.0,
        -1.0,
        0.0,
        0.0,
        0.0,
        0.0,
        -0.920505,
        0.390731,
        0.0,
        -15.24306,
        13.1441488,
        16.9225826,
        1.0
      ]
    },
    {
      "name": "339981",
      "mesh": 18,
      "matrix": [
        0.0,
        0.390731,
        0.920505,
        0.0,
        -1.0,
        0.0,
        0.0,
        0.0,
        0.0,
        -0.920505,
        0.390731,
        0.0,
        -15.24306,
        11.3024731,
        17.6926079,
        1.0
      ]
    },
    {
      "name": "339983",
      "mesh": 18,
      "matrix": [
        0.0,
        0.390731,
        0.920505,
        0.0,
        -1.0,
        0.0,
        0.0,
        0.0,
        0.0,
        -0.920505,
        0.390731,
        0.0,
        -15.24306,
        9.452095,
        18.4615784,
        1.0
      ]
    },
    {
      "name": "339985",
      "mesh": 18,
      "matrix": [
        0.0,
        0.390731,
        0.920505,
        0.0,
        -1.0,
        0.0,
        0.0,
        0.0,
        0.0,
        -0.920505,
        0.390731,
        0.0,
        -15.24306,
        7.604517,
        19.22881,
        1.0
      ]
    },
    {
      "name": "340044",
      "mesh": 18,
      "matrix": [
        0.0,
        0.390731,
        0.920505,
        0.0,
        -1.0,
        0.0,
        0.0,
        0.0,
        0.0,
        -0.920505,
        0.390731,
        0.0,
        19.4213753,
        20.5229568,
        13.84669,
        1.0
      ]
    },
    {
      "name": "340046",
      "mesh": 18,
      "matrix": [
        0.0,
        0.390731,
        0.920505,
        0.0,
        -1.0,
        0.0,
        0.0,
        0.0,
        0.0,
        -0.920505,
        0.390731,
        0.0,
        19.4213753,
        18.683651,
        14.6176538,
        1.0
      ]
    },
    {
      "name": "340048",
      "mesh": 18,
      "matrix": [
        0.0,
        0.390731,
        0.920505,
        0.0,
        -1.0,
        0.0,
        0.0,
        0.0,
        0.0,
        -0.920505,
        0.390731,
        0.0,
        19.4213753,
        16.8332729,
        15.3866262,
        1.0
      ]
    },
    {
      "name": "340050",
      "mesh": 18,
      "matrix": [
        0.0,
        0.390731,
        0.920505,
        0.0,
        -1.0,
        0.0,
        0.0,
        0.0,
        0.0,
        -0.920505,
        0.390731,
        0.0,
        19.4213753,
        14.9912434,
        16.1551514,
        1.0
      ]
    },
    {
      "name": "340052",
      "mesh": 18,
      "matrix": [
        0.0,
        0.390731,
        0.920505,
        0.0,
        -1.0,
        0.0,
        0.0,
        0.0,
        0.0,
        -0.920505,
        0.390731,
        0.0,
        19.4213753,
        13.1408653,
        16.9241219,
        1.0
      ]
    },
    {
      "name": "340054",
      "mesh": 18,
      "matrix": [
        0.0,
        0.390731,
        0.920505,
        0.0,
        -1.0,
        0.0,
        0.0,
        0.0,
        0.0,
        -0.920505,
        0.390731,
        0.0,
        19.4213753,
        11.2991886,
        17.6941471,
        1.0
      ]
    },
    {
      "name": "340056",
      "mesh": 18,
      "matrix": [
        0.0,
        0.390731,
        0.920505,
        0.0,
        -1.0,
        0.0,
        0.0,
        0.0,
        0.0,
        -0.920505,
        0.390731,
        0.0,
        19.4213753,
        9.448811,
        18.4631176,
        1.0
      ]
    },
    {
      "name": "340058",
      "mesh": 18,
      "matrix": [
        0.0,
        0.390731,
        0.920505,
        0.0,
        -1.0,
        0.0,
        0.0,
        0.0,
        0.0,
        -0.920505,
        0.390731,
        0.0,
        19.4213753,
        7.727646,
        19.1859188,
        1.0
      ]
    },
    {
      "name": "341861",
      "mesh": 23,
      "matrix": [
        0.0,
        -1.0,
        0.0,
        0.0,
        1.0,
        0.0,
        0.0,
        0.0,
        0.0,
        0.0,
        1.0,
        0.0,
        8.443178,
        24.0169888,
        11.6166058,
        1.0
      ]
    },
    {
      "name": "341877",
      "mesh": 23,
      "matrix": [
        0.0,
        -1.0,
        0.0,
        0.0,
        1.0,
        0.0,
        0.0,
        0.0,
        0.0,
        0.0,
        1.0,
        0.0,
        7.859844,
        24.0169888,
        11.6166058,
        1.0
      ]
    },
    {
      "name": "Structural Stiffeners",
      "children": [
        81,
        82,
        83,
        323,
        324
      ]
    },
    {
      "name": "348852",
      "mesh": 24,
      "matrix": [
        0.0,
        -1.0,
        0.0,
        0.0,
        1.0,
        0.0,
        0.0,
        0.0,
        0.0,
        0.0,
        1.0,
        0.0,
        8.506396,
        6.246154,
        20.0,
        1.0
      ]
    },
    {
      "name": "348870",
      "mesh": 24,
      "matrix": [
        0.0,
        -1.0,
        0.0,
        0.0,
        1.0,
        0.0,
        0.0,
        0.0,
        0.0,
        0.0,
        1.0,
        0.0,
        7.714629,
        6.246154,
        20.0,
        1.0
      ]
    },
    {
      "name": "348876",
      "mesh": 25,
      "matrix": [
        0.0,
        -1.0,
        0.0,
        0.0,
        1.0,
        0.0,
        0.0,
        0.0,
        0.0,
        0.0,
        1.0,
        0.0,
        -15.49306,
        6.246154,
        20.0,
        1.0
      ]
    },
    {
      "name": "351929",
      "mesh": 26,
      "matrix": [
        0.0,
        -0.923052,
        0.384674,
        0.0,
        1.0,
        0.0,
        0.0,
        0.0,
        0.0,
        0.384674,
        0.923052,
        0.0,
        20.1535034,
        14.8953457,
        16.7236786,
        1.0
      ]
    },
    {
      "name": "353933",
      "mesh": 27,
      "matrix": [
        1.0,
        0.0,
        5E-06,
        0.0,
        0.0,
        1.0,
        0.0,
        0.0,
        -5E-06,
        0.0,
        1.0,
        0.0,
        11.8846,
        6.246154,
        20.29955,
        1.0
      ]
    },
    {
      "name": "354543",
      "mesh": 18,
      "matrix": [
        0.0,
        0.0,
        1.0,
        0.0,
        1.0,
        0.0,
        0.0,
        0.0,
        0.0,
        1.0,
        0.0,
        0.0,
        -15.24306,
        6.680318,
        19.633337,
        1.0
      ]
    },
    {
      "name": "354650",
      "mesh": 18,
      "matrix": [
        0.0,
        0.0,
        1.0,
        0.0,
        1.0,
        0.0,
        0.0,
        0.0,
        0.0,
        1.0,
        0.0,
        0.0,
        -15.24306,
        5.955103,
        19.633337,
        1.0
      ]
    },
    {
      "name": "354712",
      "mesh": 18,
      "matrix": [
        0.0,
        0.0,
        1.0,
        0.0,
        1.0,
        0.0,
        0.0,
        0.0,
        0.0,
        1.0,
        0.0,
        0.0,
        19.4213753,
        6.521792,
        19.633337,
        1.0
      ]
    },
    {
      "name": "354714",
      "mesh": 18,
      "matrix": [
        0.0,
        0.0,
        1.0,
        0.0,
        1.0,
        0.0,
        0.0,
        0.0,
        0.0,
        1.0,
        0.0,
        0.0,
        19.4213753,
        5.955103,
        19.633337,
        1.0
      ]
    },
    {
      "name": "354826",
      "mesh": 28,
      "matrix": [
        0.0,
        0.923053,
        0.384673,
        0.0,
        -1.0,
        0.0,
        0.0,
        0.0,
        0.0,
        -0.384673,
        0.923053,
        0.0,
        -15.9722261,
        -2.97151,
        16.4868126,
        1.0
      ]
    },
    {
      "name": "354828",
      "mesh": 29,
      "matrix": [
        0.0,
        -0.923052,
        0.384674,
        0.0,
        1.0,
        0.0,
        0.0,
        0.0,
        0.0,
        0.384674,
        0.923052,
        0.0,
        -15.9743328,
        15.4674463,
        16.48526,
        1.0
      ]
    },
    {
      "name": "356726",
      "mesh": 30,
      "matrix": [
        0.0,
        0.923053,
        0.384673,
        0.0,
        -1.0,
        0.0,
        0.0,
        0.0,
        0.0,
        -0.384673,
        0.923053,
        0.0,
        20.1533432,
        -2.406621,
        16.7222233,
        1.0
      ]
    },
    {
      "name": "360492",
      "mesh": 31,
      "matrix": [
        0.0,
        0.923053,
        0.384673,
        0.0,
        -1.0,
        0.0,
        0.0,
        0.0,
        0.0,
        -0.384673,
        0.923053,
        0.0,
        -17.3491726,
        -3.041219,
        16.4577618,
        1.0
      ]
    },
    {
      "name": "360494",
      "mesh": 32,
      "matrix": [
        0.0,
        -0.923052,
        0.384674,
        0.0,
        1.0,
        0.0,
        0.0,
        0.0,
        0.0,
        0.384674,
        0.923052,
        0.0,
        -17.3493328,
        15.4588156,
        16.4888573,
        1.0
      ]
    },
    {
      "name": "362488",
      "mesh": 33,
      "matrix": [
        0.0,
        -0.923052,
        0.384674,
        0.0,
        1.0,
        0.0,
        0.0,
        0.0,
        0.0,
        0.384674,
        0.923052,
        0.0,
        23.5875874,
        14.894187,
        16.7241611,
        1.0
      ]
    },
    {
      "name": "362490",
      "mesh": 34,
      "matrix": [
        0.0,
        0.923053,
        0.384673,
        0.0,
        -1.0,
        0.0,
        0.0,
        0.0,
        0.0,
        -0.384673,
        0.923053,
        0.0,
        23.5874271,
        -2.397764,
        16.7259159,
        1.0
      ]
    },
    {
      "name": "Roofs",
      "children": [
        98
      ]
    },
    {
      "name": "362675",
      "mesh": 35
    },
    {
      "name": "Walls",
      "children": [
        100,
        101,
        102,
        103,
        104,
        105,
        150,
        151,
        462,
        463,
        565,
        566,
        567,
        568,
        569
      ]
    },
    {
      "name": "365105",
      "mesh": 36
    },
    {
      "name": "365559",
      "mesh": 37
    },
    {
      "name": "366148",
      "mesh": 38
    },
    {
      "name": "366683",
      "mesh": 39
    },
    {
      "name": "366684",
      "mesh": 40
    },
    {
      "name": "366697",
      "mesh": 41
    },
    {
      "name": "Doors",
      "children": [
        107,
        108,
        564,
        570,
        571,
        572,
        573,
        589,
        590,
        591,
        598
      ]
    },
    {
      "name": "368937",
      "mesh": 42,
      "matrix": [
        0.0,
        -1.0,
        0.0,
        0.0,
        1.0,
        0.0,
        0.0,
        0.0,
        0.0,
        0.0,
        1.0,
        0.0,
        20.8187523,
        6.246154,
        0.0,
        1.0
      ]
    },
    {
      "name": "368962",
      "mesh": 42,
      "matrix": [
        0.0,
        1.0,
        0.0,
        0.0,
        -1.0,
        0.0,
        0.0,
        0.0,
        0.0,
        0.0,
        1.0,
        0.0,
        -16.6604156,
        6.162821,
        0.0,
        1.0
      ]
    },
    {
      "name": "Casework",
      "children": [
        110,
        111,
        112,
        158,
        159,
        160,
        161,
        162,
        163,
        164,
        373,
        374
      ]
    },
    {
      "name": "373430",
      "mesh": 43,
      "matrix": [
        -1.0,
        0.0,
        0.0,
        0.0,
        0.0,
        -1.0,
        0.0,
        0.0,
        0.0,
        0.0,
        1.0,
        0.0,
        19.98532,
        -11.96959,
        0.0,
        1.0
      ]
    },
    {
      "name": "373448",
      "mesh": 44,
      "translation": [
        8.068752,
        24.3713818,
        0.0
      ]
    },
    {
      "name": "373469",
      "mesh": 45,
      "translation": [
        8.068752,
        -11.8790731,
        0.0
      ]
    },
    {
      "name": "379937",
      "mesh": 46,
      "translation": [
        -3.910415,
        -11.4413462,
        0.0
      ]
    },
    {
      "name": "381535",
      "mesh": 47,
      "matrix": [
        -1.0,
        0.0,
        0.0,
        0.0,
        0.0,
        -1.0,
        0.0,
        0.0,
        0.0,
        0.0,
        1.0,
        0.0,
        19.8604183,
        -11.5246792,
        0.0,
        1.0
      ]
    },
    {
      "name": "381554",
      "mesh": 46,
      "translation": [
        8.089585,
        -11.4413462,
        0.0
      ]
    },
    {
      "name": "382076",
      "mesh": 48,
      "translation": [
        -3.910415,
        23.9336548,
        0.0
      ]
    },
    {
      "name": "382078",
      "mesh": 49,
      "matrix": [
        -1.0,
        0.0,
        0.0,
        0.0,
        0.0,
        -1.0,
        0.0,
        0.0,
        0.0,
        0.0,
        1.0,
        0.0,
        19.8604183,
        24.0169888,
        0.0,
        1.0
      ]
    },
    {
      "name": "382080",
      "mesh": 48,
      "translation": [
        8.089585,
        23.9336548,
        0.0
      ]
    },
    {
      "name": "383241",
      "mesh": 50,
      "translation": [
        19.8588753,
        -0.066346,
        0.0
      ]
    },
    {
      "name": "383900",
      "mesh": 51,
      "matrix": [
        -1.0,
        0.0,
        0.0,
        0.0,
        0.0,
        -1.0,
        0.0,
        0.0,
        0.0,
        0.0,
        1.0,
        0.0,
        -3.910415,
        -0.066346,
        0.0,
        1.0
      ]
    },
    {
      "name": "383924",
      "mesh": 51,
      "translation": [
        19.8588753,
        12.5586538,
        0.0
      ]
    },
    {
      "name": "383926",
      "mesh": 52,
      "matrix": [
        -1.0,
        0.0,
        0.0,
        0.0,
        0.0,
        -1.0,
        0.0,
        0.0,
        0.0,
        0.0,
        1.0,
        0.0,
        -3.910415,
        12.5586538,
        0.0,
        1.0
      ]
    },
    {
      "name": "383965",
      "mesh": 50,
      "translation": [
        8.089585,
        -0.066346,
        0.0
      ]
    },
    {
      "name": "384015",
      "mesh": 51,
      "translation": [
        8.089585,
        12.5586538,
        0.0
      ]
    },
    {
      "name": "386553",
      "mesh": 53,
      "matrix": [
        0.0,
        1.0,
        0.0,
        0.0,
        -1.0,
        0.0,
        0.0,
        0.0,
        0.0,
        0.0,
        1.0,
        0.0,
        8.443178,
        -11.5246792,
        11.6166058,
        1.0
      ]
    },
    {
      "name": "386554",
      "mesh": 53,
      "matrix": [
        0.0,
        1.0,
        0.0,
        0.0,
        -1.0,
        0.0,
        0.0,
        0.0,
        0.0,
        0.0,
        1.0,
        0.0,
        7.859844,
        -11.5246792,
        11.6166058,
        1.0
      ]
    },
    {
      "name": "393256",
      "mesh": 54,
      "matrix": [
        -1.0,
        0.0,
        0.0,
        0.0,
        0.0,
        -1.0,
        0.0,
        0.0,
        0.0,
        0.0,
        1.0,
        0.0,
        22.556385,
        11.1635571,
        18.2719,
        1.0
      ]
    },
    {
      "name": "393312",
      "mesh": 55,
      "matrix": [
        -0.999976,
        0.0,
        0.00694,
        0.0,
        0.0,
        -1.0,
        0.0,
        0.0,
        0.00694,
        0.0,
        0.999976,
        0.0,
        22.5246429,
        1.328751,
        18.2788353,
        1.0
      ]
    },
    {
      "name": "396218",
      "mesh": 56,
      "matrix": [
        0.0,
        0.923444,
        0.383734,
        0.0,
        -1.0,
        0.0,
        0.0,
        0.0,
        0.0,
        -0.383734,
        0.923444,
        0.0,
        21.5283432,
        -6.230966,
        15.1193,
        1.0
      ]
    },
    {
      "name": "396220",
      "mesh": 57,
      "matrix": [
        0.0,
        -0.923052,
        0.384674,
        0.0,
        1.0,
        0.0,
        0.0,
        0.0,
        0.0,
        0.384674,
        0.923052,
        0.0,
        21.5285034,
        17.3839684,
